0	0	2.1690016684969393E-4	0.3812897540882224	3.131985145565468E-4	3.8309917144595154E-4	4.540697178553591E-4	0.0010443806516262377	1.1334255179317631E-4	2.684077836322771E-4	2.922725508518534E-4	5.074860504055895E-4	0.031883472322557053	5.749779790152185E-4	0.09465369635643045	0.48784589452410526	1.590475706528921E-4
1	1	6.92803695673748E-4	0.0011471270259860457	0.0010003915235098399	0.0012236621374811106	0.0014503500997383983	0.003335870071682407	3.620289458505621E-4	8.573248566327864E-4	9.335516256862815E-4	0.0016209679150109074	0.002107001021277816	0.021783028819194947	0.0031373645583809657	0.9598405117519627	5.080159519315311E-4
2	2	6.792549476996102E-4	0.07935030362551679	9.808274641491038E-4	0.0011997317081116436	0.0014219864693213993	0.0032706324536414984	3.549489620437467E-4	8.405586666037549E-4	9.15294714275078E-4	0.0015892676139129343	0.00206579566109165	0.001800628569064473	0.08130161927151953	0.8237310688855849	4.980809874639003E-4
3	3	5.024018402043618E-4	8.318643973789417E-4	7.254559198726764E-4	0.029816628886909863	0.0010517532796076301	0.0024190795649062574	2.625332539915025E-4	6.217079792081334E-4	6.769854976227338E-4	0.08796327065103665	0.0015279381403602347	0.00133181084611341	0.031204392295025963	0.8406957785048904	3.683989428713479E-4
4	4	5.873615208548826E-4	9.725385109870932E-4	8.481356123939881E-4	0.0010374252599569035	0.001229612147963396	0.002828162913842709	3.0692947158932656E-4	7.268431661133366E-4	7.914685012273094E-4	0.001374262559168175	0.0017863232139617806	0.0015570294164249142	0.002659869209696939	0.9828633407036331	4.3069779218608703E-4
5	5	5.974650750041961E-4	9.89267723165905E-4	8.627248964746203E-4	0.01825686417873882	0.018452356987478654	0.002876811822782984	3.1220914760846634E-4	7.393460268322278E-4	8.050830206939361E-4	0.0013979020651435088	0.0018170508198392824	0.0015838128035933938	0.002705623198741286	0.9481653757533521	4.3810648055063705E-4
6	6	4.3343723121569655E-4	7.176745232465255E-4	6.258727180432791E-4	7.655570143826977E-4	9.073792987098254E-4	0.0020870129541662	2.2649536209070622E-4	5.363662382746577E-4	5.840558218166948E-4	0.0010141225420117674	0.0013181983504622736	0.0261071420766056	0.0019628223925342294	0.9623960345892766	3.1782888716330054E-4
7	7	0.02507862783283823	7.088289935479053E-4	6.181586700512114E-4	7.56121320224187E-4	8.9619560711333E-4	0.026711822794465188	2.2370374641106635E-4	5.297553814916506E-4	5.768571782112885E-4	0.0010016232115035227	0.0013019512046043723	0.0011348317641928334	0.1005407614075066	0.8396068493263842	3.1391156145447547E-4
8	8	3.986166624895589E-4	0.012136576198894427	5.755926718845416E-4	7.040553049925697E-4	8.344841689057204E-4	0.11668491791828042	2.0829965403002486E-4	4.932767754478513E-4	5.371351735225283E-4	9.326520980173675E-4	0.0012122997036657993	0.02400980140198991	0.001805137295144827	0.839174859154287	2.922958184474888E-4
9	9	5.7759400053467E-4	0.01758585192031933	8.340315529106622E-4	0.0010201734108868752	0.001209164329686618	0.03604010446783277	3.018253921694534E-4	7.147561376946439E-4	7.783067866885461E-4	0.0013514092788708117	0.0017566175766816196	0.0015311368171923943	0.0857630680768341	0.8501124247425138	4.235355091837458E-4
10	10	6.079223074475686E-4	0.0010065825470153141	8.778248833266653E-4	0.0010737406783465698	0.0012726551326813138	0.0029271637030606253	3.1767364045345143E-4	7.522865543745518E-4	8.191741209704664E-4	0.0014223690799362533	0.0018488540558432383	0.0016115337521925217	0.0027529788214832843	0.9822634662103376	4.4577451253063796E-4
11	11	7.869897688648418E-4	0.0013030779695270321	0.0011363939002890459	0.0013900179643360528	0.0016475239622620753	0.003789378770740237	4.11246473130083E-4	9.738774417295396E-4	0.001060467175204307	0.001841337124408901	0.0023934460180972832	0.0020862214786636487	0.13951303609277388	0.8410899055714486	5.770802885245027E-4
12	12	6.66225964535002E-4	0.001103120283716871	9.620139324095669E-4	0.0011767193115439474	0.0013947109406972304	0.003207897518370977	3.481405846201813E-4	8.24435670734332E-4	8.977381849287232E-4	0.0015587834178745334	0.0020261710444715786	0.0017660901981751548	0.0030170071869674237	0.980562418607176	4.885271537785423E-4
13	13	4.7492346803006916E-4	7.863663962163183E-4	6.857778252339374E-4	8.388319370387523E-4	9.94228673326659E-4	0.12534829693885668	2.481742571009414E-4	5.877042756598753E-4	6.399584448302734E-4	0.04213169764172907	0.0014443690736883515	0.001258968767986511	0.0978652136393258	0.7263472389342325	3.482497267444382E-4
14	14	3.46865919393908E-4	0.010560934997628214	5.008658696871637E-4	6.126507335272336E-4	7.261465606062708E-4	0.0016701695539707915	1.8125697644776713E-4	4.2923670366103406E-4	4.6740114835911616E-4	8.115697558476372E-4	0.0010549118761537322	9.195025906115217E-4	0.0015707838292611347	0.979893355216592	2.543482682524308E-4
15	15	4.2809500186657257E-4	0.013034095409033736	6.181586700512114E-4	7.56121320224187E-4	8.9619560711333E-4	0.0020612899634935315	2.2370374641106635E-4	5.297553814916506E-4	5.768571782112885E-4	0.0010016232115035227	0.0013019512046043723	0.06276116384162199	0.17449235990042158	0.7410047180024976	3.1391156145447547E-4
16	16	0.053115924268728375	0.0010065825470153141	8.778248833266653E-4	0.0010737406783465698	0.0012726551326813138	0.0029271637030606253	3.1767364045345143E-4	7.522865543745518E-4	8.191741209704664E-4	0.0014223690799362533	0.0018488540558432383	0.0016115337521925217	0.2477903213074604	0.6847181217630797	4.4577451253063796E-4
17	17	5.173689426043233E-4	0.01575219549439501	7.470680481940534E-4	9.13801110079063E-4	0.001083086164513027	0.4344620659574547	2.703544078596642E-4	6.402293424736347E-4	0.0602793494121516	0.0012104993974796226	0.0015734570950644534	0.06095368272669782	0.0023429075137298607	0.4188745604354635	3.793739518397669E-4
18	18	5.024018402043618E-4	8.318643973789417E-4	7.254559198726764E-4	8.873655170979594E-4	0.0010517532796076301	0.045812974619624115	2.625332539915025E-4	6.217079792081334E-4	0.015141617182528688	0.001175480541600936	0.0015279381403602347	0.00133181084611341	0.1758507091440855	0.7539079883954547	3.683989428713479E-4
19	19	3.434361587904939E-4	5.686529992688359E-4	4.959133795997853E-4	6.065929306932856E-4	7.189665272659422E-4	0.17963508085911886	1.7946473338739162E-4	4.249924725231687E-4	4.627795526502218E-4	8.035450701696892E-4	0.001044481058392138	0.01079826766399049	0.0015552521434054204	0.8021107411417923	2.518333089519522E-4
20	20	4.7492346803006916E-4	7.863663962163183E-4	6.857778252339374E-4	8.388319370387523E-4	9.94228673326659E-4	0.0022867703986486636	2.481742571009414E-4	5.877042756598753E-4	6.399584448302734E-4	0.0011111887949930598	0.0014443690736883515	0.001258968767986511	0.002150692996941781	0.9861437949635604	3.482497267444382E-4
21	21	4.38914477606808E-4	7.267436107852664E-4	6.337817273283898E-4	7.75231181925843E-4	9.188456417724367E-4	0.0021133860558477232	2.2935753177819536E-4	5.43144174804623E-4	5.914364006222592E-4	0.00102693777483752	0.013971625636545923	0.00116351297908298	0.014624395644062885	0.9619208419454428	3.2184521755633923E-4
22	22	4.3343723121569655E-4	7.176745232465255E-4	0.03806309571175421	7.655570143826977E-4	9.073792987098254E-4	0.0020870129541662	2.2649536209070622E-4	5.363662382746577E-4	5.840558218166948E-4	0.0010141225420117674	0.0013181983504622736	0.0011489934141316446	0.0768372683799561	0.8750425142706177	3.1782888716330054E-4
23	23	4.7492346803006916E-4	7.863663962163183E-4	6.857778252339374E-4	8.388319370387523E-4	9.94228673326659E-4	0.0022867703986486636	2.481742571009414E-4	5.877042756598753E-4	6.399584448302734E-4	0.0011111887949930598	0.0014443690736883515	0.001258968767986511	0.002150692996941781	0.9861437949635604	3.482497267444382E-4
24	24	4.6851719675857477E-4	7.757590525239864E-4	6.765273268354336E-4	8.275168825055383E-4	9.808174628559536E-4	0.08319028547831214	2.4482661959592433E-4	5.79776697279908E-4	0.12203286820181657	0.0010961999023950638	0.001424885892238959	0.0012419864624299661	0.0021216821695399226	0.7839947984897117	3.4355216520046453E-4
25	25	3.940938223909162E-4	0.18219396733447876	5.690618018485895E-4	6.960668542710299E-4	8.250158279757719E-4	0.14939999056179315	2.059362153772187E-4	4.8767988954300493E-4	5.310406553304727E-4	9.220699104072179E-4	0.001198544539300446	0.0010446984565841112	0.0017846555940261482	0.6594581992059011	2.8897933077212846E-4
26	26	3.153710630747614E-4	5.221835159455791E-4	4.553880705752609E-4	5.570230522030624E-4	6.602136444152009E-4	0.14679589550728184	1.64799140405413E-4	3.902627152901668E-4	4.249618910325487E-4	0.04613706011878474	9.591276087720384E-4	8.3601326416805E-4	0.00142815923501601	0.8001222873101879	2.3125386284750837E-4
27	27	6.079223074475686E-4	0.0010065825470153141	8.778248833266653E-4	0.0010737406783465698	0.0012726551326813138	0.19545650422775693	3.1767364045345143E-4	7.522865543745518E-4	0.08833251072310515	0.0014223690799362533	0.0018488540558432383	0.0016115337521925217	0.0027529788214832843	0.7022207890835066	4.4577451253063796E-4
28	28	7.215900651096184E-4	0.0011947907762895023	0.0010419583340740674	0.29212830381299953	0.0015106129332699357	0.003474477283037027	3.7707144496944766E-4	8.929471695674562E-4	9.723412022319554E-4	0.0016883200113357085	0.0021945480568652557	0.0019128542100278873	0.14869462268286285	0.5426664377270014	5.29124290358327E-4
29	29	5.501479664453539E-4	9.109212386446617E-4	7.944001536725095E-4	9.716969478586994E-4	0.0011517074215791178	0.0026489785601926524	2.874832937493941E-4	6.807924516062224E-4	7.413233094023798E-4	0.0012871931943855643	0.0016731468587606122	0.001458380463696394	0.05000921306714099	0.9364312050670843	4.034100057811266E-4
30	30	5.974650750041961E-4	9.89267723165905E-4	8.627248964746203E-4	0.0010552706276183476	0.0012507634363581824	0.14048956023174677	3.1220914760846634E-4	7.393460268322278E-4	8.050830206939361E-4	0.0013979020651435088	0.0018170508198392824	0.0015838128035933938	0.10591518450546412	0.7417462531399064	4.3810648055063705E-4
31	31	5.590021629959801E-4	0.01701979115518087	8.071853960608636E-4	9.873356419714385E-4	0.0011702432419428003	0.11535107729160968	0.016386319469477856	6.9174926785268E-4	7.532543219469134E-4	0.0013079095511420154	0.06607691227224066	0.0014818519442047994	0.002531443733908394	0.7744660219785932	4.0990257087184943E-4
32	32	2.753665357116024E-4	4.559450204140997E-4	3.9762251544610955E-4	4.8636519375368E-4	5.76466154883234E-4	0.001325897928892943	1.4389452202509393E-4	3.40758251182294E-4	3.7105586860816E-4	6.442810886309284E-4	8.374631596123941E-4	7.299657556353906E-4	0.0884557370330125	0.9047572614477387	2.019195244528463E-4
33	33	4.0798109891989124E-4	0.11813720313931643	5.891146881293319E-4	7.205952085326378E-4	8.540881510951026E-4	0.0019644409321105407	2.1319309941798695E-4	5.048649990243349E-4	5.497537333075924E-4	9.545622741473694E-4	0.0012407794552110232	0.08330468683690001	0.0018475441863741884	0.7884120296675904	2.9916252992314156E-4
34	34	4.7492346803006916E-4	7.863663962163183E-4	6.857778252339374E-4	8.388319370387523E-4	9.94228673326659E-4	0.0022867703986486636	2.481742571009414E-4	5.877042756598753E-4	6.399584448302734E-4	0.0011111887949930598	0.0014443690736883515	0.001258968767986511	0.002150692996941781	0.9861437949635604	3.482497267444382E-4
35	35	5.7759400053467E-4	9.563656952152501E-4	8.340315529106622E-4	0.0010201734108868752	0.017838650554790697	0.01941061824272869	3.018253921694534E-4	7.147561376946439E-4	7.783067866885461E-4	0.0013514092788708117	0.0017566175766816196	0.0015311368171923943	0.019245123176417786	0.9332598558680342	4.235355091837458E-4
36	36	0.326864644914014	3.683386209623677E-4	3.21222345777545E-4	0.019607160139187844	0.1221559294233181	0.07792812204218849	1.1624627407625725E-4	2.7528412133559266E-4	2.9976027991048687E-4	5.204873330624721E-4	6.765509250177948E-4	0.006994457121040213	0.0010073971833214487	0.44270127706719553	1.6312220959182675E-4
37	37	3.986166624895589E-4	6.600194967283543E-4	0.023528706076216686	7.040553049925697E-4	0.03526415427540394	0.0019193508966196954	2.0829965403002486E-4	4.932767754478513E-4	5.371351735225283E-4	9.326520980173675E-4	0.012688856405831872	0.001056687997657764	0.0132816939973109	0.9080341993672834	2.922958184474888E-4
38	38	3.986166624895589E-4	6.600194967283543E-4	5.755926718845416E-4	0.012180612007158642	0.04674071097757001	0.2544035983442733	2.0829965403002486E-4	4.932767754478513E-4	5.371351735225283E-4	0.19603411603484058	0.0012122997036657993	0.02400980140198991	0.11657070431680555	0.3456829209611459	2.922958184474888E-4
39	39	3.0431841787625924E-4	5.03882822552905E-4	0.10557886398337835	0.32471742797732744	6.370754810853539E-4	0.11536635738835402	1.5902351086552913E-4	3.7658538140844744E-4	4.100684732323435E-4	7.120204386966725E-4	9.255135636009629E-4	8.06713943234789E-4	0.010139726921435784	0.43913927246764844	2.231492293027666E-4
40	40	3.0431841787625924E-4	5.03882822552905E-4	0.09681724434495734	0.29843256906206445	6.370754810853539E-4	0.11536635738835402	1.5902351086552913E-4	3.7658538140844744E-4	4.100684732323435E-4	7.120204386966725E-4	9.255135636009629E-4	8.06713943234789E-4	0.010139726921435784	0.4741857510213325	2.231492293027666E-4
41	41	3.6509627745029443E-4	6.045172818295089E-4	5.271900590412959E-4	6.44850040554067E-4	7.643109090219264E-4	0.0017579492615793263	1.907833651648676E-4	4.517962529311292E-4	4.919665202049342E-4	8.542237221487625E-4	0.0011103552626179334	0.032502247054047306	0.07523364835980988	0.8842333494910698	2.6771614252894035E-4
42	42	8.243461550883303E-4	0.0013649317392134981	0.0011903356046423902	0.001455998552632929	0.0017257276999491456	0.00396925086375492	4.30767288636305E-4	0.0010201049065415245	0.0011108048326193521	0.0019287406759014236	0.0025070567629816532	0.0021852490624873987	0.003733055159725451	0.9522154400527703	0.024338190643055497
43	43	4.3343723121569655E-4	0.0631130461794314	6.258727180432791E-4	7.655570143826977E-4	9.073792987098254E-4	0.0020870129541662	2.2649536209070622E-4	5.363662382746577E-4	5.840558218166948E-4	0.013493196873248745	0.0013181983504622736	0.0011489934141316446	0.08931634271119307	0.8251262169456698	3.1782888716330054E-4
44	44	3.0431841787625924E-4	0.02678874173781593	4.394283223262415E-4	5.375013557501201E-4	0.03568355403476939	0.0014653020888809047	1.5902351086552913E-4	3.7658538140844744E-4	4.100684732323435E-4	0.11461307573816978	9.255135636009629E-4	0.18480072635007597	0.12404078222090889	0.5092322295750166	2.231492293027666E-4
45	45	5.173689426043233E-4	8.566465510696774E-4	7.470680481940534E-4	9.13801110079063E-4	0.001083086164513027	0.002491146601019976	2.703544078596642E-4	6.402293424736347E-4	6.971536388502556E-4	0.0012104993974796226	0.0015734570950644534	0.0013714869533964775	0.0023429075137298607	0.9849054202818261	3.793739518397669E-4
46	46	5.173689426043233E-4	8.566465510696774E-4	7.470680481940534E-4	9.13801110079063E-4	0.001083086164513027	0.002491146601019976	2.703544078596642E-4	6.402293424736347E-4	6.971536388502556E-4	0.0012104993974796226	0.0015734570950644534	0.0013714869533964775	0.0023429075137298607	0.9849054202818261	3.793739518397669E-4
47	47	4.38914477606808E-4	0.03863705216283738	6.337817273283898E-4	0.27878416056364136	9.188456417724367E-4	0.0021133860558477232	2.2935753177819536E-4	5.43144174804623E-4	5.914364006222592E-4	0.051574015844240345	0.0013348561191952174	0.00116351297908298	0.10308178226551783	0.5196339088381682	3.2184521755633923E-4
48	48	0.3420074843162956	5.03882822552905E-4	4.394283223262415E-4	5.375013557501201E-4	0.053206793311611406	0.22050579304940612	1.5902351086552913E-4	3.7658538140844744E-4	4.100684732323435E-4	0.21099089176080085	9.255135636009629E-4	8.06713943234789E-4	0.018901346559856792	0.15000582439975516	2.231492293027666E-4
49	49	3.125333118854892E-4	5.174848385243039E-4	4.5129042754404544E-4	5.520108839545553E-4	6.542729533563994E-4	0.001504857043969277	1.6331625560261283E-4	3.8675107895408124E-4	0.009419272356631859	7.312410053554967E-4	9.50497249708907E-4	8.284907045155882E-4	0.00141530846637502	0.981883500414097	2.29173009525326E-4
50	50	0.32539101947779514	0.053552226434033956	2.9653253284833383E-4	3.627136220675012E-4	0.5089020322139812	0.012813739989414711	1.0731134536289738E-4	2.541252152149551E-4	2.767200856902401E-4	4.8048160166097137E-4	6.245498236145256E-4	5.443821363291167E-4	0.00684243311966475	0.08940114810266157	1.5058429966008464E-4
51	51	3.7293650108359886E-4	0.2905219038394071	5.385111494369696E-4	6.586978084995444E-4	7.807240274846913E-4	0.0017957001678417458	0.053880881233057246	4.614983065494416E-4	5.025312062254056E-4	8.725676643584494E-4	0.0011341994760734548	9.88612774293756E-4	0.13053524675504463	0.5166825239044865	2.7346518615746176E-4
52	52	3.539351388949703E-4	5.860369478510129E-4	5.110736490492754E-4	6.251367180839133E-4	0.010931078328313942	0.02208447346891367	1.849510417363002E-4	4.3798466160799624E-4	4.7692690781848496E-4	8.281097628755265E-4	0.0010764112601803866	9.382422974590156E-4	0.12388438931747081	0.8368217185462772	2.595319534675517E-4
53	53	3.1826081908963786E-4	5.269683016559768E-4	4.595608072975768E-4	5.621270737953892E-4	0.4313288971670597	0.3039125824087531	1.663092006582147E-4	3.9383870611791255E-4	4.28855831613944E-4	7.446417788630486E-4	9.679161283954321E-4	8.436736827717487E-4	0.001441245507736632	0.2576717497361594	2.333728500323554E-4
54	54	2.1033277396466713E-4	3.4826374479836135E-4	3.0371536050473357E-4	3.7149953641866585E-4	4.403212072955867E-4	0.2614071123792784	1.0991071917161307E-4	2.602808218409846E-4	0.006339105651000114	4.921201780547691E-4	0.006695360774959728	0.17011668273641578	0.031230906130643454	0.5215201561230702	1.542318625828728E-4
55	55	5.501479664453539E-4	9.109212386446617E-4	7.944001536725095E-4	9.716969478586994E-4	0.0011517074215791178	0.0026489785601926524	2.874832937493941E-4	6.807924516062224E-4	7.413233094023798E-4	0.0012871931943855643	0.0016731468587606122	0.001458380463696394	0.06584850160078788	0.9205919165334374	4.034100057811266E-4
56	56	4.88276364654031E-4	8.084757883690958E-4	7.050590800545024E-4	0.21173160152641746	0.0010221822986772365	0.424089435150268	2.5515189754802826E-4	6.042281052168722E-4	0.056889734135404844	0.0011424308584160187	0.00148497879762515	0.0012943657970730083	0.058442944336033496	0.24068309478602012	3.580410782222452E-4
57	57	6.92803695673748E-4	0.0011471270259860457	0.0010003915235098399	0.0012236621374811106	0.0014503500997383983	0.003335870071682407	3.620289458505621E-4	8.573248566327864E-4	9.335516256862815E-4	0.0016209679150109074	0.002107001021277816	0.0018365447780812907	0.0031373645583809657	0.9797869957930764	5.080159519315311E-4
58	58	4.5029502653712593E-4	7.455872389732316E-4	6.502149605138843E-4	7.953320372139175E-4	9.426702552657475E-4	0.0021681837320336812	2.3530450948367225E-4	5.572272802225276E-4	6.067716680601277E-4	0.0010535650933498975	0.001369467407167004	0.014158107991412159	0.13168342754654	0.83128922850293	0.013294616750297075
59	59	4.952383991642287E-4	8.200033509273883E-4	7.151120869219262E-4	8.747131140729372E-4	0.0010367569718628751	0.0023845873866380654	2.5878995264277054E-4	6.128434247880579E-4	6.673327748236436E-4	0.0011587200823833569	0.0015061522034755513	0.0013128213685492706	0.1733433612683157	0.814450421448121	3.6314616731337475E-4
60	60	2.820754756347165E-4	4.670535152872926E-4	4.0731005994497826E-4	4.982148357486847E-4	5.905109871313716E-4	0.0013582016709803276	1.4740032094520176E-4	3.490603734048787E-4	3.800961520404877E-4	0.041266097943515524	8.578668372457041E-4	7.477504017901343E-4	0.058125947744612556	0.8943155746562251	2.0683902549300425E-4
61	61	6.792549476996102E-4	0.0011246933480676673	9.808274641491038E-4	0.0011997317081116436	0.0014219864693213993	0.0032706324536414984	3.549489620437467E-4	8.405586666037549E-4	9.15294714275078E-4	0.0015892676139129343	0.00206579566109165	0.001800628569064473	0.003076008994070418	0.9801822894404831	4.980809874639003E-4
62	62	5.332552004804005E-4	8.829506194013416E-4	0.016122936985473943	9.418601582489952E-4	0.016469272826741783	0.0025676393976530798	2.786558722258341E-4	6.598881344822342E-4	7.185603402851557E-4	0.0012476688214701622	0.001621771446991554	0.07817824749371523	0.01776777807285181	0.8616184916750115	3.9102295496711974E-4
63	63	4.4453192508723963E-4	7.360448397800017E-4	6.418931835435886E-4	7.851529791593409E-4	9.306054888465723E-4	0.2581104587804885	2.3229296443020198E-4	5.50095606192586E-4	5.990059001216295E-4	0.0010400810392093755	0.001351940276875314	0.0011784042013740213	0.040408568444726393	0.692664960016197	3.2596435396830886E-4
64	64	5.501479664453539E-4	9.109212386446617E-4	7.944001536725095E-4	9.716969478586994E-4	0.0011517074215791178	0.0026489785601926524	2.874832937493941E-4	6.807924516062224E-4	7.413233094023798E-4	0.017126481728032456	0.0016731468587606122	0.001458380463696394	0.06584850160078788	0.9047526279997905	4.034100057811266E-4
65	65	0.26742858007532344	6.676821892321029E-4	5.822751860737816E-4	7.122292442997163E-4	8.441723608716655E-4	0.1993081865374458	2.10717970769729E-4	4.99003618773289E-4	5.433712039550426E-4	9.434799997316474E-4	0.0012263742573685665	0.0010689559310121416	0.0018260945730560222	0.5238431875384657	2.956893136214904E-4
66	66	2.3931737553883095E-4	0.05551767313746167	3.455684134087096E-4	4.2269348895927387E-4	0.014281353383591341	0.09072462346620781	0.3377437384698333	2.961484414052288E-4	0.06233407428710416	5.599360824364618E-4	7.278280381854355E-4	0.041975466542146615	0.15266764766920543	0.24198844564474278	1.7548555977300593E-4
67	67	7.215900651096184E-4	0.0011947907762895023	0.0010419583340740674	0.00127450596319131	0.0015106129332699357	0.003474477283037027	3.7707144496944766E-4	8.929471695674562E-4	9.723412022319554E-4	0.0016883200113357085	0.0021945480568652557	0.0019128542100278873	0.0032677237579587497	0.9789471345017138	5.29124290358327E-4
68	68	7.069039439095399E-4	0.0011704738642396423	0.001020751935705322	0.0012485666522851838	0.0014798682685397775	0.023756206914901542	3.6939711960152735E-4	8.747735125402596E-4	9.525516826220379E-4	0.001653958573297856	0.0021498836410135443	0.001873922952344507	0.0032012175940324666	0.959023168026957	5.183553180098408E-4
69	69	1.5706811356216584E-4	2.60069452736658E-4	2.2680249889323102E-4	2.7742101373274836E-4	3.288142883664489E-4	0.01884485516303898	8.207693454110129E-5	1.9436732047208762E-4	0.004733790875791481	0.004889637590337542	4.776860714690954E-4	0.013982795625752978	7.112836375136103E-4	0.9547181572198209	1.1517419397102829E-4
70	70	4.5620952132460784E-4	7.553803114671306E-4	6.587553457459319E-4	8.057784932287526E-4	9.55051956111879E-4	0.01533137264052731	2.3839516608166917E-4	5.645462991991832E-4	6.147414382251052E-4	0.11927979735265944	0.0013874549650212495	0.0012093601973137136	0.12027834079451757	0.7371302882698001	3.3452724877652644E-4
71	71	3.940938223909162E-4	6.525306912503164E-4	5.690618018485895E-4	6.960668542710299E-4	8.250158279757719E-4	0.013243913079371799	2.059362153772187E-4	4.8767988954300493E-4	5.310406553304727E-4	9.220699104072179E-4	0.001198544539300446	0.0010446984565841112	0.0017846555940261482	0.9771557133315508	2.8897933077212846E-4
72	72	2.7320058314734516E-4	4.5235869034834135E-4	3.9449493313218996E-4	4.8253958750906514E-4	5.719318408528446E-4	0.048509712476104624	1.4276268983583602E-4	3.3807794652569224E-4	3.6813725176164434E-4	6.392133621825551E-4	8.308759195421875E-4	7.242240586780873E-4	0.0012371900326858657	0.9448349493431141	2.0033128457964586E-4
73	73	2.628625825048148E-4	4.3524128753169653E-4	3.7956711407260903E-4	4.6428012953775977E-4	5.502897503781276E-4	0.001265691028235931	1.3736050232126453E-4	3.252849649436472E-4	0.03819453835359095	6.150253166343752E-4	7.994352992801966E-4	6.968191801902839E-4	0.008758440659171609	0.946922413149253	1.9275068235382134E-4
74	74	6.92803695673748E-4	0.0011471270259860457	0.0010003915235098399	0.0012236621374811106	0.0014503500997383983	0.023282354112796066	3.620289458505621E-4	8.573248566327864E-4	9.335516256862815E-4	0.0016209679150109074	0.002107001021277816	0.0018365447780812907	0.0031373645583809657	0.9598405117519627	5.080159519315311E-4
75	75	6.187521199569845E-4	0.001024514279616468	8.934628666447024E-4	0.0010928687973311316	0.0012953268068528908	0.09205164970630117	3.233328273645868E-4	7.656881391452071E-4	8.337672721577025E-4	0.0014477078284345205	0.001881790407309141	0.001640242368696689	0.0028020216746798307	0.8928751591571773	4.537157483317267E-4
76	76	4.0324452110081016E-4	6.676821892321029E-4	5.822751860737816E-4	0.1168102012243965	8.441723608716655E-4	0.5359923052797265	2.10717970769729E-4	4.99003618773289E-4	0.012153168401964723	9.434799997316474E-4	0.0012263742573685665	0.0010689559310121416	0.0018260945730560222	0.3264766351723011	2.956893136214904E-4
77	77	0.02706341604820063	5.128699656794111E-4	4.472658691721091E-4	5.470881116358304E-4	6.484382191558716E-4	0.0014914368944486385	1.618598192067962E-4	3.8330207539083113E-4	4.1738236427140535E-4	7.247198785369594E-4	9.420208198306217E-4	0.06324633202157856	0.010320576859214845	0.8928661617838325	2.2712926984503557E-4
78	78	3.3677616958979046E-4	5.576255557771085E-4	4.8629651874200437E-4	5.948297477428706E-4	7.050241709219806E-4	0.0016215871133566627	1.7598451397637648E-4	4.167509254264601E-4	4.5380523022065775E-4	7.879625481997959E-4	0.0010242262529758148	8.927557972115845E-4	0.02091731134428432	0.9707821144092991	2.469497022755202E-4
79	79	5.251919652270034E-4	8.695997162034883E-4	7.583643007527872E-4	9.276184967988645E-4	0.001099463273515059	0.13861584621252715	2.744423777292529E-4	6.499101103308296E-4	7.076951465425337E-4	0.0012288030941096425	0.0015972489956538932	0.001392224907648472	0.2896731784439923	0.5612953025765796	3.851103823892284E-4
80	80	1.6849766910426593E-4	0.06819593121922012	2.4330649642269328E-4	0.13128027263021502	0.49032492981131937	0.03476978970552217	8.804952096101484E-5	2.085110701773748E-4	2.2705027975299975E-4	3.9423767089828075E-4	5.124464016323702E-4	4.466683943008804E-4	0.010465462000275018	0.2625512919235753	1.2355520662314412E-4
81	81	5.173689426043233E-4	8.566465510696774E-4	7.470680481940534E-4	9.13801110079063E-4	0.001083086164513027	0.03228224448767064	2.703544078596642E-4	6.402293424736347E-4	6.971536388502556E-4	0.0012104993974796226	0.0015734570950644534	0.0013714869533964775	0.0023429075137298607	0.9551143223951755	3.793739518397669E-4
82	82	6.416120755699784E-4	0.0010623652221854228	9.264720811824661E-4	0.001133245115071348	0.0013431829876301572	0.040034637149900645	3.352784415182678E-4	7.939766836361289E-4	8.645710176615032E-4	0.0015011937650982973	0.0019513136360732463	0.14948186645247022	0.0029055430834053165	0.7965542638956888	4.704783929082021E-4
83	83	2.8673271685541194E-4	0.14907035223461507	4.1403500190071276E-4	5.064406719883993E-4	6.002606901296682E-4	0.0013806264237663456	1.4983399175300607E-4	3.5482357687329267E-4	0.033407613414556114	0.0832239788882057	8.720307513091235E-4	7.600962251417477E-4	0.05083033281783151	0.6779325885288603	2.1025406621360185E-4
84	84	6.536873998092322E-4	0.0010823592419472855	9.439085528526043E-4	0.001154573114852026	0.0013684620786975675	0.04078810056306422	3.4158847844855495E-4	8.08919553725967E-4	8.808424934700747E-4	0.0015294466645522306	0.001988037921268673	0.0017328518714809637	0.002960226241904277	0.9432876628920245	4.793329319018497E-4
85	85	1.4169026945868622E-4	0.4285715014773959	2.045972696384765E-4	2.502599496347639E-4	0.09820219737022118	6.822427944414867E-4	0.036788632082789555	1.7533767603793689E-4	1.9092736113141958E-4	0.1023164906405352	4.309179415739847E-4	0.06156658988529296	0.012879841982663932	0.20038328939777061	0.057215483901413906
86	86	2.990776093650103E-4	0.19854203492179046	4.3186072353349397E-4	5.282447957966292E-4	6.2610410897163E-4	0.0014400674425109946	1.5628489328513794E-4	3.7010003002593654E-4	4.030064940077249E-4	0.0351426853088824	9.095748655910101E-4	7.928211485450927E-4	0.06162949634106608	0.6985093350436224	2.1930627300597054E-4
87	87	0.10030396374247498	8.200033509273883E-4	7.151120869219262E-4	8.747131140729372E-4	0.0010367569718628751	0.3445859314208463	2.5878995264277054E-4	6.128434247880579E-4	6.673327748236436E-4	0.04393388808665939	0.0015061522034755513	0.0013128213685492706	0.0022426892512115854	0.50076585608343	3.6314616731337475E-4
88	88	0.30247190642405436	4.827351152243783E-4	4.209857377877595E-4	0.050878336044967325	0.04257983220303642	0.0014038041009825802	1.5234937450759464E-4	3.607802833305282E-4	0.18505863372114192	6.821373008409353E-4	8.866702272227716E-4	0.009166755458429886	0.0013202688170380005	0.40392102142247527	2.137837689602765E-4
89	89	0.02023565751706189	0.0011246933480676673	9.808274641491038E-4	0.0011997317081116436	0.0014219864693213993	0.02282703502300378	3.549489620437467E-4	8.405586666037549E-4	9.15294714275078E-4	0.0015892676139129343	0.00206579566109165	0.001800628569064473	0.1986400346876932	0.7455054586081358	4.980809874639003E-4
90	90	1.983229646075049E-4	3.2837820293914383E-4	0.10306473007019692	3.502872520724716E-4	4.1517926837729023E-4	0.052344109168852335	1.0363491745665346E-4	2.4541902455322174E-4	0.057366326795744445	4.6402056519917413E-4	6.031530887901569E-4	5.257319025547387E-4	0.04086746730247717	0.7429778141121339	1.4542536404483944E-4
91	91	7.215900651096184E-4	0.0011947907762895023	0.0010419583340740674	0.00127450596319131	0.0015106129332699357	0.024249748558023327	3.7707144496944766E-4	8.929471695674562E-4	9.723412022319554E-4	0.0016883200113357085	0.0021945480568652557	0.0019128542100278873	0.0032677237579587497	0.9581718632267274	5.29124290358327E-4
92	92	4.5029502653712593E-4	0.07853214597158112	6.502149605138843E-4	7.953320372139175E-4	9.426702552657475E-4	0.0021681837320336812	2.3530450948367225E-4	5.572272802225276E-4	6.067716680601277E-4	0.0010535650933498975	0.001369467407167004	0.00119368153597751	0.027968015903062797	0.8831469343246686	3.3019029486242425E-4
93	93	5.501479664453539E-4	9.109212386446617E-4	7.944001536725095E-4	9.716969478586994E-4	0.0011517074215791178	0.05016684416113332	2.874832937493941E-4	6.807924516062224E-4	7.413233094023798E-4	0.0012871931943855643	0.0016731468587606122	0.001458380463696394	0.0024913474662003267	0.9364312050670843	4.034100057811266E-4
94	94	6.536873998092322E-4	0.0010823592419472855	9.439085528526043E-4	0.001154573114852026	0.0013684620786975675	0.003147523962237054	3.4158847844855495E-4	8.08919553725967E-4	8.808424934700747E-4	0.0015294466645522306	0.001988037921268673	0.0017328518714809637	0.02178051454231786	0.9621079511924381	4.793329319018497E-4
95	95	5.873615208548826E-4	9.725385109870932E-4	8.481356123939881E-4	0.0010374252599569035	0.001229612147963396	0.08738167551240505	3.0692947158932656E-4	7.268431661133366E-4	7.914685012273094E-4	0.001374262559168175	0.0017863232139617806	0.0015570294164249142	0.12103478684768423	0.7799349104670835	4.3069779218608703E-4
96	96	2.3606432548341734E-4	0.4285715500370597	0.1634573208539794	4.1694780052112354E-4	4.941889313632966E-4	0.04871228781779365	0.04090246934513996	2.921228845414414E-4	3.1809621715031853E-4	5.523248502812668E-4	7.179346443830848E-4	6.257800109398005E-4	0.0010690183278389317	0.31346079377554287	1.7310017798174006E-4
97	97	2.029584617525781E-4	0.2165407108141012	2.930670347600006E-4	3.5847468291363017E-4	0.08223205106727496	0.07109768031871498	1.0605722576043947E-4	2.5115532034687617E-4	2.734861304855563E-4	0.029691711916115065	6.17250873313811E-4	5.380200848042803E-4	9.190982795015502E-4	0.5908860842143553	0.0059921935757997705
98	98	4.952383991642287E-4	8.200033509273883E-4	7.151120869219262E-4	8.747131140729372E-4	0.0010367569718628751	0.0023845873866380654	2.5878995264277054E-4	6.128434247880579E-4	6.673327748236436E-4	0.0011587200823833569	0.0015061522034755513	0.015571210703307947	0.0022426892512115854	0.9712927041304663	3.6314616731337475E-4
99	99	3.539351388949703E-4	5.860369478510129E-4	5.110736490492754E-4	6.251367180839133E-4	7.40945620242446E-4	0.03227460617698517	1.849510417363002E-4	4.3798466160799624E-4	0.2042795810692484	8.281097628755265E-4	0.052027074800537865	9.382422974590156E-4	0.05255346036097034	0.6533993298009902	2.595319534675517E-4
100	100	4.0324452110081016E-4	6.676821892321029E-4	5.822751860737816E-4	7.122292442997163E-4	8.441723608716655E-4	0.001941634171281268	2.10717970769729E-4	4.99003618773289E-4	5.433712039550426E-4	9.434799997316474E-4	0.0012263742573685665	0.0010689559310121416	0.059875080563104414	0.9301860894688043	2.956893136214904E-4
101	101	4.2809500186657257E-4	7.088289935479053E-4	0.06224449074748036	7.56121320224187E-4	8.9619560711333E-4	0.0020612899634935315	2.2370374641106635E-4	5.297553814916506E-4	5.768571782112885E-4	0.07495322170441851	0.0013019512046043723	0.09973696308807946	0.001938630083619964	0.7533299844179834	3.1391156145447547E-4
102	102	4.88276364654031E-4	8.084757883690958E-4	7.050590800545024E-4	8.6241644463661E-4	0.0010221822986772365	0.002351064986706288	2.5515189754802826E-4	6.042281052168722E-4	6.579514469299485E-4	0.0011424308584160187	0.043658815813981317	0.0012943657970730083	0.0022111616475586084	0.9435803783919562	3.580410782222452E-4
103	103	3.6509627745029443E-4	0.1057192433883382	5.271900590412959E-4	6.44850040554067E-4	0.04281020135162541	0.08584973014678629	1.907833651648676E-4	4.517962529311292E-4	4.919665202049342E-4	8.542237221487625E-4	0.0011103552626179334	9.678292220946993E-4	0.0016533400852537933	0.7580956781632594	2.6771614252894035E-4
104	104	0.025676997349528014	3.659945180181486E-4	3.191780902918759E-4	3.9041328822280266E-4	4.6273880196924766E-4	0.001064319932665784	1.155064840629138E-4	2.7353221620646565E-4	0.12757763326792204	0.10234099948469941	0.13431601505445345	5.859554396731528E-4	0.0010009861186949587	0.6053476458519528	1.620841016389526E-4
105	105	6.416120755699784E-4	0.0010623652221854228	9.264720811824661E-4	0.001133245115071348	0.0013431829876301572	0.003089380922603852	3.352784415182678E-4	7.939766836361289E-4	8.645710176615032E-4	0.0015011937650982973	0.0019513136360732463	0.0017008415432830564	0.0029055430834053165	0.9812805450321728	4.704783929082021E-4
106	106	5.873615208548826E-4	9.725385109870932E-4	8.481356123939881E-4	0.0010374252599569035	0.001229612147963396	0.053560270472980114	3.0692947158932656E-4	7.268431661133366E-4	7.914685012273094E-4	0.001374262559168175	0.0017863232139617806	0.0015570294164249142	0.002659869209696939	0.9321312331444958	4.3069779218608703E-4
107	107	2.5702699058218723E-4	4.255788604273465E-4	0.06697162674575123	4.539730354357782E-4	5.380732287575485E-4	0.09003824059314731	0.2073358233354824	3.180635860167223E-4	3.4634336739486544E-4	6.013716549539524E-4	7.816877061055103E-4	6.813496814860479E-4	0.0011639478481933687	0.6298984217802911	1.8847158597461606E-4
108	108	6.187521199569845E-4	0.001024514279616468	8.934628666447024E-4	0.0010928687973311316	0.0012953268068528908	0.002979309567260959	3.233328273645868E-4	7.656881391452071E-4	8.337672721577025E-4	0.0370766438840506	0.001881790407309141	0.001640242368696689	0.0028020216746798307	0.9463185632406014	4.537157483317267E-4
109	109	1.522486825367549E-4	0.8330954010747662	2.198433588423502E-4	2.6890871030997E-4	3.187250490739398E-4	7.330818624365509E-4	7.955851042670302E-5	0.09223950626343204	2.0515480211542387E-4	3.562195626782258E-4	4.630288949038873E-4	4.0359415607723145E-4	0.005072844673169869	0.06628024417578492	1.1164022344599885E-4
110	110	6.66225964535002E-4	0.001103120283716871	9.620139324095669E-4	0.0011767193115439474	0.0013947109406972304	0.003207897518370977	3.481405846201813E-4	8.24435670734332E-4	8.977381849287232E-4	0.0015587834178745334	0.0020261710444715786	0.0017660901981751548	0.0030170071869674237	0.980562418607176	4.885271537785423E-4
111	111	4.5029502653712593E-4	7.455872389732316E-4	6.502149605138843E-4	0.013759758492648566	9.426702552657475E-4	0.248492286385292	2.3530450948367225E-4	5.572272802225276E-4	6.067716680601277E-4	0.0010535650933498975	0.001369467407167004	0.00119368153597751	0.0020391629921935007	0.7275738168594529	3.3019029486242425E-4
112	112	5.590021629959801E-4	9.255817957693433E-4	0.049089813474295446	9.873356419714385E-4	0.0011702432419428003	0.0026916117757289854	2.9211011006633007E-4	6.9174926785268E-4	7.532543219469134E-4	0.0013079095511420154	0.0017000748345945473	0.0014818519442047994	0.1151909092497891	0.7744660219785932	0.04869253064910643
113	113	0.00898719566625349	0.0786691900478798	4.3561165866297483E-4	5.328328767531632E-4	6.315421489902702E-4	0.38361547331480805	1.5764230891588568E-4	3.7331454139128545E-4	4.0650681513768115E-4	0.15704520359037755	9.174749966525318E-4	0.061598350098266544	0.0013661377040779389	0.2616147111086786	0.04364881312315422
114	114	5.681460240538194E-4	9.407219721379297E-4	8.203889068843998E-4	0.0010034859550207718	0.0011893854605539963	0.002735639734345466	2.968882924005832E-4	7.030645356831419E-4	7.655756568487055E-4	0.0013293036422628215	0.0017278837575370755	0.0015060912927852724	0.11707514108113147	0.8689216761485158	4.1660753983872325E-4
115	115	4.622814543709326E-4	7.654340662910611E-4	6.675230679575683E-4	8.165030240251455E-4	9.677632461271231E-4	0.08208306210852732	2.4156809303596085E-4	5.720601435405615E-4	6.229233561361264E-4	0.0010816099999454072	0.0014059213346575938	0.0012254562097898628	0.002093443582932562	0.9066554706643597	3.389796483030523E-4
116	116	5.681460240538194E-4	9.407219721379297E-4	8.203889068843998E-4	0.0010034859550207718	0.0011893854605539963	0.002735639734345466	2.968882924005832E-4	7.030645356831419E-4	7.655756568487055E-4	0.0013293036422628215	0.0017278837575370755	0.0015060912927852724	0.0025728517486011083	0.9834239654810462	4.1660753983872325E-4
117	117	0.012298610465760078	6.835540367123248E-4	0.3571695225710846	7.291600447895121E-4	8.642396551246146E-4	0.16838871254968843	2.1572706573637094E-4	5.108657134299659E-4	5.56287985342064E-4	9.659079915185826E-4	0.0012555270870838694	0.07240904784052928	0.0018695036904706112	0.3817806149927339	3.027183099958423E-4
118	118	5.173689426043233E-4	8.566465510696774E-4	7.470680481940534E-4	9.13801110079063E-4	0.001083086164513027	0.002491146601019976	2.703544078596642E-4	6.402293424736347E-4	0.0602793494121516	0.0012104993974796226	0.0015734570950644534	0.0013714869533964775	0.07682065223035653	0.8508454797918983	3.793739518397669E-4
119	119	6.792549476996102E-4	0.0011246933480676673	9.808274641491038E-4	0.0011997317081116436	0.0014219864693213993	0.0032706324536414984	3.549489620437467E-4	8.405586666037549E-4	9.15294714275078E-4	0.0015892676139129343	0.00206579566109165	0.001800628569064473	0.042188814132794974	0.9410694843017586	4.980809874639003E-4
120	120	5.024018402043618E-4	8.318643973789417E-4	0.015190087604778628	8.873655170979594E-4	0.0010517532796076301	0.07474223798943602	2.625332539915025E-4	6.217079792081334E-4	6.769854976227338E-4	0.001175480541600936	0.0015279381403602347	0.00133181084611341	0.0022751289252140585	0.8985543052445142	3.683989428713479E-4
121	121	7.215900651096184E-4	0.0011947907762895023	0.0010419583340740674	0.00127450596319131	0.0015106129332699357	0.003474477283037027	3.7707144496944766E-4	8.929471695674562E-4	9.723412022319554E-4	0.0016883200113357085	0.0021945480568652557	0.0019128542100278873	0.0032677237579587497	0.9789471345017138	5.29124290358327E-4
122	122	7.36899348987188E-4	0.10730034084007199	0.0010640645640462277	0.0013015459330267968	0.0015426621580899092	0.003548191932980413	3.850714079294223E-4	9.118919726732248E-4	9.929704323316866E-4	0.0017241394766796408	0.0022411076768073836	0.02316947766888501	0.0033370519167887492	0.8512042344580936	5.403502126087707E-4
123	123	6.187521199569845E-4	0.001024514279616468	8.934628666447024E-4	0.0010928687973311316	0.0012953268068528908	0.020793777595069	3.233328273645868E-4	7.656881391452071E-4	8.337672721577025E-4	0.0014477078284345205	0.001881790407309141	0.001640242368696689	0.0028020216746798307	0.9641330312684094	4.537157483317267E-4
